 
****************************************
Report : net
Design : Flash_Controller_ASIC
Version: R-2020.09-SP1
Date   : Tue Jul  9 09:11:06 2024
****************************************


Operating Conditions: worst   Library: smic18_ss
Wire Load Model Mode: segmented

Design        Wire Load Model            Library
------------------------------------------------
Flash_Controller_ASIC  reference_area_10000000 smic18_ss
AHB_Controler_FLASH_BOOT reference_area_100000 smic18_ss
flash_sf3              reference_area_20000 smic18_ss
spi_SF3                reference_area_20000 smic18_ss
flash_sf3_DW01_inc_0_DW01_inc_2 reference_area_20000 smic18_ss
flash_sf3_DW01_inc_1_DW01_inc_3 reference_area_20000 smic18_ss


Attributes:
   dr - drc disabled
    d - dont_touch
    I - ideal_network
    h - high fanout

Net Fanout Fanin     Load      LoadUR    LoadUF    LoadLR    LoadLF    Resist    Pins      Attr
-----------------------------------------------------------------------------------------------
n3      2       1        0.03      0.03      0.03      0.03      0.03      0.03       3    dr
n4      0       1        0.03      0.03      0.03      0.03      0.03      0.05       1    dr
pad_HADDR[0]      4      1     0.05     0.05     0.05     0.05     0.05     0.05      5    
pad_HADDR[1]      4      1     0.05     0.05     0.05     0.05     0.05     0.05      5    
pad_HADDR[2]      4      1     0.05     0.05     0.05     0.05     0.05     0.05      5    
pad_HADDR[3]      3      1     0.04     0.04     0.04     0.04     0.04     0.04      4    
pad_HADDR[4]      3      1     0.04     0.04     0.04     0.04     0.04     0.04      4    
pad_HADDR[5]      3      1     0.04     0.04     0.04     0.04     0.04     0.04      4    
pad_HADDR[6]      3      1     0.04     0.04     0.04     0.04     0.04     0.04      4    
pad_HADDR[7]      3      1     0.04     0.04     0.04     0.04     0.04     0.04      4    
pad_HADDR[8]      3      1     0.04     0.04     0.04     0.04     0.04     0.04      4    
pad_HADDR[9]      3      1     0.04     0.04     0.04     0.04     0.04     0.04      4    
pad_HADDR[10]      3      1     0.04     0.04     0.04     0.04     0.04     0.04      4   
pad_HADDR[11]      3      1     0.04     0.04     0.04     0.04     0.04     0.04      4   
pad_HADDR[12]      3      1     0.04     0.04     0.04     0.04     0.04     0.04      4   
pad_HADDR[13]      3      1     0.04     0.04     0.04     0.04     0.04     0.04      4   
pad_HADDR[14]      3      1     0.04     0.04     0.04     0.04     0.04     0.04      4   
pad_HADDR[15]      3      1     0.04     0.04     0.04     0.04     0.04     0.04      4   
pad_HADDR[16]      4      1     0.05     0.05     0.05     0.05     0.05     0.05      5   
pad_HADDR[17]      4      1     0.05     0.05     0.05     0.05     0.05     0.05      5   
pad_HADDR[18]      4      1     0.05     0.05     0.05     0.05     0.05     0.05      5   
pad_HADDR[19]      4      1     0.05     0.05     0.05     0.05     0.05     0.05      5   
pad_HADDR[20]      4      1     0.05     0.05     0.05     0.05     0.05     0.05      5   
pad_HADDR[21]      4      1     0.05     0.05     0.05     0.05     0.05     0.05      5   
pad_HADDR[22]      4      1     0.05     0.05     0.05     0.05     0.05     0.05      5   
pad_HADDR[23]      4      1     0.05     0.05     0.05     0.05     0.05     0.05      5   
pad_HADDR[24]      2      1     0.03     0.03     0.03     0.03     0.03     0.03      3   
pad_HADDR[25]      2      1     0.03     0.03     0.03     0.03     0.03     0.03      3   
pad_HADDR[26]      2      1     0.03     0.03     0.03     0.03     0.03     0.03      3   
pad_HADDR[27]      2      1     0.03     0.03     0.03     0.03     0.03     0.03      3   
pad_HADDR[28]      3      1     0.04     0.04     0.04     0.04     0.04     0.04      4   
pad_HADDR[29]      4      1     0.05     0.05     0.05     0.05     0.05     0.05      5   
pad_HADDR[30]      3      1     0.04     0.04     0.04     0.04     0.04     0.04      4   
pad_HADDR[31]      3      1     0.04     0.04     0.04     0.04     0.04     0.04      4   
pad_HCLK    249      1     2.14     2.14     2.14      2.14      2.14      2.32     250    dr, d, h
pad_HRDATA[0]      1      1     0.07     0.07     0.07     0.07     0.07     0.02      2   
pad_HRDATA[1]      1      1     0.07     0.07     0.07     0.07     0.07     0.02      2   
pad_HRDATA[2]      1      1     0.07     0.07     0.07     0.07     0.07     0.02      2   
pad_HRDATA[3]      1      1     0.07     0.07     0.07     0.07     0.07     0.02      2   
pad_HRDATA[4]      1      1     0.07     0.07     0.07     0.07     0.07     0.02      2   
pad_HRDATA[5]      1      1     0.07     0.07     0.07     0.07     0.07     0.02      2   
pad_HRDATA[6]      1      1     0.07     0.07     0.07     0.07     0.07     0.02      2   
pad_HRDATA[7]      1      1     0.07     0.07     0.07     0.07     0.07     0.02      2   
pad_HRDATA[8]      1      1     0.07     0.07     0.07     0.07     0.07     0.02      2   
pad_HRDATA[9]      1      1     0.07     0.07     0.07     0.07     0.07     0.02      2   
pad_HRDATA[10]      1      1     0.07     0.07     0.07     0.07     0.07     0.02      2  
pad_HRDATA[11]      1      1     0.07     0.07     0.07     0.07     0.07     0.02      2  
pad_HRDATA[12]      1      1     0.07     0.07     0.07     0.07     0.07     0.02      2  
pad_HRDATA[13]      1      1     0.07     0.07     0.07     0.07     0.07     0.02      2  
pad_HRDATA[14]      1      1     0.07     0.07     0.07     0.07     0.07     0.02      2  
pad_HRDATA[15]      1      1     0.07     0.07     0.07     0.07     0.07     0.02      2  
pad_HRDATA[16]      1      1     0.07     0.07     0.07     0.07     0.07     0.02      2  
pad_HRDATA[17]      1      1     0.07     0.07     0.07     0.07     0.07     0.02      2  
pad_HRDATA[18]      1      1     0.07     0.07     0.07     0.07     0.07     0.02      2  
pad_HRDATA[19]      1      1     0.07     0.07     0.07     0.07     0.07     0.02      2  
pad_HRDATA[20]      1      1     0.07     0.07     0.07     0.07     0.07     0.02      2  
pad_HRDATA[21]      1      1     0.07     0.07     0.07     0.07     0.07     0.02      2  
pad_HRDATA[22]      1      1     0.07     0.07     0.07     0.07     0.07     0.02      2  
pad_HRDATA[23]      1      1     0.07     0.07     0.07     0.07     0.07     0.02      2  
pad_HRDATA[24]      1      1     0.07     0.07     0.07     0.07     0.07     0.02      2  
pad_HRDATA[25]      1      1     0.07     0.07     0.07     0.07     0.07     0.02      2  
pad_HRDATA[26]      1      1     0.07     0.07     0.07     0.07     0.07     0.02      2  
pad_HRDATA[27]      1      1     0.07     0.07     0.07     0.07     0.07     0.02      2  
pad_HRDATA[28]      1      1     0.07     0.07     0.07     0.07     0.07     0.02      2  
pad_HRDATA[29]      1      1     0.07     0.07     0.07     0.07     0.07     0.02      2  
pad_HRDATA[30]      1      1     0.07     0.07     0.07     0.07     0.07     0.02      2  
pad_HRDATA[31]      1      1     0.07     0.07     0.07     0.07     0.07     0.02      2  
pad_HREADY      1      1     0.07     0.07     0.07     0.07     0.07      0.02       2    d
pad_HRESP[0]      1      1     0.06     0.06     0.06     0.06     0.06     0.01      2    
pad_HRESP[1]      1      1     0.06     0.06     0.06     0.06     0.06     0.01      2    
pad_HRST_n    129      1     0.00     0.00     0.00     0.00     0.00      2.32     130    d, I, h
pad_HSELx      4      1     0.05     0.05     0.05     0.05      0.05      0.05       5    
pad_HTRANS[1]      3      1     0.04     0.04     0.04     0.04     0.04     0.04      4   
pad_HWDATA[0]      2      1     0.03     0.03     0.03     0.03     0.03     0.03      3   
pad_HWDATA[1]      2      1     0.03     0.03     0.03     0.03     0.03     0.03      3   
pad_HWDATA[2]      2      1     0.03     0.03     0.03     0.03     0.03     0.03      3   
pad_HWDATA[3]      2      1     0.03     0.03     0.03     0.03     0.03     0.03      3   
pad_HWDATA[4]      2      1     0.03     0.03     0.03     0.03     0.03     0.03      3   
pad_HWDATA[5]      2      1     0.03     0.03     0.03     0.03     0.03     0.03      3   
pad_HWDATA[6]      2      1     0.03     0.03     0.03     0.03     0.03     0.03      3   
pad_HWDATA[7]      2      1     0.03     0.03     0.03     0.03     0.03     0.03      3   
pad_HWDATA[8]      2      1     0.03     0.03     0.03     0.03     0.03     0.03      3   
pad_HWDATA[9]      2      1     0.03     0.03     0.03     0.03     0.03     0.03      3   
pad_HWDATA[10]      2      1     0.03     0.03     0.03     0.03     0.03     0.03      3  
pad_HWDATA[11]      2      1     0.03     0.03     0.03     0.03     0.03     0.03      3  
pad_HWDATA[12]      2      1     0.03     0.03     0.03     0.03     0.03     0.03      3  
pad_HWDATA[13]      2      1     0.03     0.03     0.03     0.03     0.03     0.03      3  
pad_HWDATA[14]      2      1     0.03     0.03     0.03     0.03     0.03     0.03      3  
pad_HWDATA[15]      2      1     0.03     0.03     0.03     0.03     0.03     0.03      3  
pad_HWDATA[16]      2      1     0.03     0.03     0.03     0.03     0.03     0.03      3  
pad_HWDATA[17]      2      1     0.03     0.03     0.03     0.03     0.03     0.03      3  
pad_HWDATA[18]      2      1     0.03     0.03     0.03     0.03     0.03     0.03      3  
pad_HWDATA[19]      2      1     0.03     0.03     0.03     0.03     0.03     0.03      3  
pad_HWDATA[20]      2      1     0.03     0.03     0.03     0.03     0.03     0.03      3  
pad_HWDATA[21]      2      1     0.03     0.03     0.03     0.03     0.03     0.03      3  
pad_HWDATA[22]      2      1     0.03     0.03     0.03     0.03     0.03     0.03      3  
pad_HWDATA[23]      2      1     0.03     0.03     0.03     0.03     0.03     0.03      3  
pad_HWDATA[24]      1      1     0.02     0.02     0.02     0.02     0.02     0.02      2  
pad_HWDATA[25]      1      1     0.02     0.02     0.02     0.02     0.02     0.02      2  
pad_HWDATA[26]      1      1     0.02     0.02     0.02     0.02     0.02     0.02      2  
pad_HWDATA[27]      1      1     0.02     0.02     0.02     0.02     0.02     0.02      2  
pad_HWDATA[28]      1      1     0.02     0.02     0.02     0.02     0.02     0.02      2  
pad_HWDATA[29]      1      1     0.02     0.02     0.02     0.02     0.02     0.02      2  
pad_HWDATA[30]      1      1     0.02     0.02     0.02     0.02     0.02     0.02      2  
pad_HWDATA[31]      1      1     0.02     0.02     0.02     0.02     0.02     0.02      2  
pad_HWRITE      3      1     0.05     0.05     0.05     0.05     0.05      0.04       4    
pad_i_pad_pmodb_miso      1      1     0.03     0.03     0.03     0.03     0.03     0.04      2
pad_o_pad_pmodb_cs      1      1     0.07     0.07     0.07     0.07     0.07     0.03      2
pad_o_pad_pmodb_mosi      2      1     0.09     0.09     0.09     0.09     0.09     0.04      3 d
-----------------------------------------------------------------------------------------------
Total 109 nets    589    109     7.11     7.10     7.10     7.10     7.10     8.23    698
Maximum    249      1     2.14     2.14      2.14      2.14      2.14      2.32     250
Average   5.40   1.00     0.07     0.07      0.07      0.07      0.07      0.08    6.40
1
